R   500 400
A                                           0.2                 255,255,255
#A                                           0.4                 255,255,255

c   0.0,0.0,-10.0       0.0,0.0,1.0         70
#c   0.0,0.0,-10.0       0.0,0.0,1.0         80
#c   0.0,0.0,-10.0       0.0,0.0,1.0         90

l   0.0,20.0,0.0                           0.6                 255,255,255

pl  0.0,-20.0,0.0       0.0,1.0,0.0                             180,180,180
sp  0,0,0                           6                 254,46,46

